-49
-49
-49
-46
-48
-49
-49
-49
-50
-49
-49
-50
-49
-48
-50
-50
-24
-35
-40
-49
-49
-49
-50
-50
-49
-49
-49
-49
-49
-49
-50
-49
-50
-45
-49
-49
-49
-50
-49
-49
-50
-34
-32
-49
-49
-49
-45
-49
-49
-49
-49
-46
-49
-50
-45
-47
-49
-50
-47
-48
-40
-49
-45
-46
-49
-50
-47
-49
-50
-49
-50
-49
-49
-50
-49
-49
-50
-49
-50
-49
-38
-34
-21
-46
-49
-49
-45
-50
-49
-49
-49
-49
-48
-47
-50
-49
-50
-49
-49
-46
-46
-49
-49
-49
-49
-49
-50
-39
-48
-49
-49
-49
-50
-50
-49
-49
-50
-49
-27
-13
-49
-47
-49
-50
-45
-50
-46
-49
-49
-49
-49
-49
-49
-49
-50
-49
-49
-22
-50
-50
-50
-50
-49
-49
-50
-45
-49
-49
-49
-50
-49
-49
-49
-45
-49
-49
-32
-14
-41
-42
-46
-49
-45
-49
-49
-51
-50
-49
-49
-49
-50
-49
-56
-50
-49
-50
-23
-29
-14
-49
-49
-48
-48
-50
-49
-49
-50
-50
-45
-49
-49
-49
-49
-50
-48
-46
-49
-50
-50
-47
-49
-49
-49
-49
-49
-50
-48
-47
-48
-48
-49
-50
-49
-49
-40
-46
-49
-49
-49
-22
-49
-49
-50
-49
-50
-49
-49
-45
-51
-49
-49
-46
-49
-25
-33
-46
-49
-49
-50
-45
-49
-49
-49
-49
-49
-49
-50
-49
-49
-50
-49
-50
-36
-29
-49
-47
-52
-47
-49
-46
-50
-49
-50
-50
-50
-49
-50
-50
-49
-50
-49
-13
-13
-13
-38
-49
-49
-49
-49
-49
-49
-50
-49
-47
-48
-50
-49
-49
-50
-49
-49
-46
-50
-49
-50
-49
-49
-50
-50
-50
-50
-49
-49
-49
-49
-48
-50
-49
-49
-49
-35
-47
-50
-50
-49
-50
-50
-47
-50
-49
-49
-50
-50
-49
-46
-46
-49
-49
-49
-46
-15
-48
-46
-49
-49
-49
-50
-49
-49
-49
-49
-49
-50
-49
-49
-49
-49
-49
-29
-36
-50
-50
-49
-50
-47
-50
-48
-50
-50
-54
-49
-49
-49
-46
-48
-49
-49
-13
-40
-42
-48
-48
-49
-49
-49
-46
-49
-49
-48
-49
-49
-50
-49
-49
-48
-48
-48
-46
-46
-46
-49
-46
-50
-49
-45
-49
-49
-49
-49
-49
-45
-50
-45
-49
-49
-29
-17
-49
-50
-45
-49
-47
-50
-49
-46
-47
-45
-49
-49
-50
-49
-49
-49
-50
-50
-38
-33
-49
-45
-48
-48
-49
-49
-49
-49
-50
-50
-47
-50
-50
-49
-49
-49
-50
-28
-50
-46
-48
-49
-49
-49
-48
-50
-49
-49
-49
-49
-49
-50
-50
-50
-45
-50
-33
-28
-13
-49
-50
-46
-43
-49
-47
-49
-49
-49
-49
-49
-49
-49
-49
-50
-50
-49
-46
-50
-49
-50
-49
-50
-50
-49
-50
-49
-49
-49
-49
-50
-46
-50
-49
-40
-23
-23
-49
-49
-50
-49
-50
-50
-49
-49
-49
-49
-49
-49
-49
-49
-49
-50
-49
-49
-50
-49
-49
-49
-50
-49
-49
-47
-49
-46
-49
-50
-50
-49
-50
-49
-49
-49
-50
-28
-14
-46
-49
-49
-49
-49
-47
-49
-44
-49
-45
-44
-50
-49
-41
-49
-49
-49
-49
-49
-49
-49
-49
-49
-13
-16
-44
-49
-49
-48
-45
-46
-47
-49
-49
-49
-47
-49
-49
-53
-46
-46
-49
-33
-42
-48
-49
-49
-45
-48
-49
-48
-50
-45
-49
-48
-49
-49
-49
-49
-50
-49
-49
-49
-46
-46
-50
-50
-49
-49
-50
-50
-49
-49
-49
-49
-49
-49
-49
-49
-50
-49
-30
-38
-44
-35
-49
-49
-49
-48
-49
-49
-48
-45
-48
-49
-47
-49
-49
-49
-50
-46
-46
-50
-49
-50
-49
-49
-49
-49
-49
-49
-50
-49
-49
-49
-48
-48
-49
-50
-23
-48
-28
-49
-49
-49
-49
-49
-50
-49
-49
-49
-50
-49
-50
-50
-49
-49
-49
-13
-16
-49
-49
-49
-49
-49
-49
-49
-49
-50
-49
-49
-50
-50
-46
-47
-48
-50
-34
-45
-35
-50
-50
-49
-50
-49
-49
-49
-50
-49
-49
-50
-50
-49
-49
-50
-49
-49
-47
-40
-13
-49
-49
-49
-49
-49
-49
-50
-49
-49
-49
-49
-50
-49
-45
-49
-50
-46
-46
-49
-50
-45
-50
-50
-49
-49
-49
-49
-49
-49
-49
-49
-49
-49
-50
-49
-42
-13
-50
-49
-48
-49
-49
-50
-50
-49
-49
-50
-50
-49
-48
-50
-50
-46
-50
-17
-49
-49
-46
-45
-48
-48
-49
-49
-45
-49
-48
-48
-49
-50
-49
-49
-47
-48
-13
-41
-47
-48
-49
-45
-50
-50
-45
-50
-50
-49
-49
-49
-49
-49
-49
-50
-50
-44
-41
-14
-46
-46
-45
-50
-50
-49
-49
-49
-49
-49
-48
-45
-49
-49
-45
-45
-49
-47
-47
-49
-47
-45
-47
-49
-49
-50
-50
-50
-49
-49
-49
-45
-49
-49
-49
-50
-19
-48
-49
-49
-50
-47
-49
-49
-49
-49
-46
-50
-50
-48
-48
-50
-49
-32
-50
-15
-38
-45
-46
-49
-49
-49
-49
-49
-50
-50
-49
-50
-49
-49
-49
-49
-49
-49
-25
-14
-47
-49
-49
-50
-45
-47
-50
-47
-50
-49
-47
-50
-49
-49
-49
-49
-50
-19
-26
-49
-50
-49
-49
-50
-48
-48
-50
-50
-49
-49
-50
-49
-49
-48
-49
-49
-50
-47
-49
-49
-45
-49
-50
-50
-49
-49
-49
-48
-50
-49
-47
-49
-49
-49
-50
-45
-24
-35
-49
-50
-50
-50
-49
-49
-50
-49
-50
-49
-49
-49
-50
-24
-51
-49
-49
-32
-25
-48
-50
-49
-48
-49
-49
-45
-50
-49
-45
-49
-49
-50
-49
-47
-50
-47
-40
-23
-50
-46
-45
-50
-50
-49
-46
-50
-47
-47
-49